Name         Age Nat St Tk Ps Sh Ag KAb TAb PAb SAb Gam Sub  Min Mom Sav Con Ktk Kps Sht Gls Ass  DP Inj Sus
------------------------------------------------------------------------------------------------------------
BGK1          25 bel 25  1  1  1 25 300 300 300 300   0   0    0   0   0   0   0   0   0   0   0   0   0   0
BGK2          25 usa 25  1  1  1 25 300 300 300 300   0   0    0   0   0   0   0   0   0   0   0   0   0   0
BDF1          25 ger  1 25 15 10 25 300 300 300 300   0   0    0   0   0   0   0   0   0   0   0   0   0   0
BDF2          25 ger  1 25 15 10 25 300 300 300 300   0   0    0   0   0   0   0   0   0   0   0   0   0   0
BDF3          25 ger  1 25 15 10 25 300 300 300 300   0   0    0   0   0   0   0   0   0   0   0   0   0   0
BDF4          25 ger  1 25 15 10 25 300 300 300 300   0   0    0   0   0   0   0   0   0   0   0   0   0   0
BDF5          25 ger  1 25 15 10 25 300 300 300 300   0   0    0   0   0   0   0   0   0   0   0   0   0   0
BDF6          25 ger  1 25 15 10 25 300 300 300 300   0   0    0   0   0   0   0   0   0   0   0   0   0   0
BDM1          25 aut  1 15 25 10 25 300 300 300 390   0   0    0   0   0   0   0   0   0   0   0   0   0   0
BDM2          25 aut  1 15 25 10 25 300 300 300 390   0   0    0   0   0   0   0   0   0   0   0   0   0   0
BDM3          25 aut  1 15 25 10 25 300 300 300 390   0   0    0   0   0   0   0   0   0   0   0   0   0   0
BDM4          25 aut  1 15 25 10 25 300 300 300 390   0   0    0   0   0   0   0   0   0   0   0   0   0   0
BMF1          25 sui  1 13 25 13 25 300 300 300 300   0   0    0   0   0   0   0   0   0   0   0   0   0   0
BMF2          25 sui  1 13 25 13 25 300 300 300 300   0   0    0   0   0   0   0   0   0   0   0   0   0   0
BMF3          25 sui  1 13 25 13 25 300 300 300 300   0   0    0   0   0   0   0   0   0   0   0   0   0   0
BMF4          25 sui  1 13 25 13 25 300 300 300 300   0   0    0   0   0   0   0   0   0   0   0   0   0   0
BMF5          25 sui  1 13 25 13 25 300 300 300 300   0   0    0   0   0   0   0   0   0   0   0   0   0   0
BMF6          25 sui  1 13 25 13 25 300 300 300 300   0   0    0   0   0   0   0   0   0   0   0   0   0   0
BMF7          25 sui  1 13 25 13 25 300 300 300 300   0   0    0   0   0   0   0   0   0   0   0   0   0   0
BAM1          25 sui  1 10 25 15 25 300 300 300 300   0   0    0   0   0   0   0   0   0   0   0   0   0   0
BAM2          25 sui  1 10 25 15 25 300 300 300 300   0   0    0   0   0   0   0   0   0   0   0   0   0   0
BAM3          25 sui  1 10 25 15 25 300 300 300 300   0   0    0   0   0   0   0   0   0   0   0   0   0   0
BAM4          25 sui  1 10 25 15 25 300 300 300 300   0   0    0   0   0   0   0   0   0   0   0   0   0   0
BFW1          25 sui  1 10 15 25 25 300 300 300 300   0   0    0   0   0   0   0   0   0   0   0   0   0   0
BFW2          25 sui  1 10 15 25 25 300 300 300 300   0   0    0   0   0   0   0   0   0   0   0   0   0   0
BFW3          25 sui  1 10 15 25 25 300 300 300 300   0   0    0   0   0   0   0   0   0   0   0   0   0   0
BFW4          25 sui  1 10 15 25 25 300 300 300 300   0   0    0   0   0   0   0   0   0   0   0   0   0   0
BFW5          25 sui  1 10 15 25 25 300 300 300 300   0   0    0   0   0   0   0   0   0   0   0   0   0   0