Name         Age Nat St Tk Ps Sh Ag KAb TAb PAb SAb Gam Sub  Min Mom Sav Con Ktk Kps Sht Gls Ass  DP Inj Sus
------------------------------------------------------------------------------------------------------------
CGK1           25 bel 27  1  1  1 25 300 300 300 300   0   0    0   0   0   0   0   0   0   0   0   0   0   0
CGK2           25 usa 27  1  1  1 25 300 300 300 300   0   0    0   0   0   0   0   0   0   0   0   0   0   0
CDF1           25 ger  1 25 15 10 25 300 300 300 300   0   0    0   0   0   0   0   0   0   0   0   0   0   0
CDF2           25 ger  1 25 15 10 25 300 300 300 300   0   0    0   0   0   0   0   0   0   0   0   0   0   0
CDF3           25 ger  1 25 15 10 25 300 300 300 300   0   0    0   0   0   0   0   0   0   0   0   0   0   0
CDF4           25 ger  1 25 15 10 25 300 300 300 300   0   0    0   0   0   0   0   0   0   0   0   0   0   0
CDF5           25 ger  1 25 15 10 25 300 300 300 300   0   0    0   0   0   0   0   0   0   0   0   0   0   0
CDF6           25 ger  1 25 15 10 25 300 300 300 300   0   0    0   0   0   0   0   0   0   0   0   0   0   0
CDM1           25 aut  1 15 25 10 25 300 300 300 390   0   0    0   0   0   0   0   0   0   0   0   0   0   0
CDM2           25 aut  1 15 25 10 25 300 300 300 390   0   0    0   0   0   0   0   0   0   0   0   0   0   0
CDM3           25 aut  1 15 25 10 25 300 300 300 390   0   0    0   0   0   0   0   0   0   0   0   0   0   0
CDM4           25 aut  1 15 25 10 25 300 300 300 390   0   0    0   0   0   0   0   0   0   0   0   0   0   0
CMF1           25 sui  1 13 25 13 25 300 300 300 300   0   0    0   0   0   0   0   0   0   0   0   0   0   0
CMF2           25 sui  1 13 25 13 25 300 300 300 300   0   0    0   0   0   0   0   0   0   0   0   0   0   0
CMF3           25 sui  1 13 25 13 25 300 300 300 300   0   0    0   0   0   0   0   0   0   0   0   0   0   0
CMF4           25 sui  1 13 25 13 25 300 300 300 300   0   0    0   0   0   0   0   0   0   0   0   0   0   0
CMF5           25 sui  1 13 25 13 25 300 300 300 300   0   0    0   0   0   0   0   0   0   0   0   0   0   0
CMF6           25 sui  1 13 25 13 25 300 300 300 300   0   0    0   0   0   0   0   0   0   0   0   0   0   0
CMF7           25 sui  1 13 25 13 25 300 300 300 300   0   0    0   0   0   0   0   0   0   0   0   0   0   0
CAM1           25 sui  1 10 25 15 25 300 300 300 300   0   0    0   0   0   0   0   0   0   0   0   0   0   0
CAM2           25 sui  1 10 25 15 25 300 300 300 300   0   0    0   0   0   0   0   0   0   0   0   0   0   0
CAM3           25 sui  1 10 25 15 25 300 300 300 300   0   0    0   0   0   0   0   0   0   0   0   0   0   0
CAM4           25 sui  1 10 25 15 25 300 300 300 300   0   0    0   0   0   0   0   0   0   0   0   0   0   0
CFW1           25 sui  1 10 15 25 25 300 300 300 300   0   0    0   0   0   0   0   0   0   0   0   0   0   0
CFW2           25 sui  1 10 15 25 25 300 300 300 300   0   0    0   0   0   0   0   0   0   0   0   0   0   0
CFW3           25 sui  1 10 15 25 25 300 300 300 300   0   0    0   0   0   0   0   0   0   0   0   0   0   0
CFW4           25 sui  1 10 15 25 25 300 300 300 300   0   0    0   0   0   0   0   0   0   0   0   0   0   0
CFW5           25 sui  1 10 15 25 25 300 300 300 300   0   0    0   0   0   0   0   0   0   0   0   0   0   0