Name         Age Nat St Tk Ps Sh Ag KAb TAb PAb SAb Gam Sub  Min Mom Sav Con Ktk Kps Sht Gls Ass  DP Inj Sus
------------------------------------------------------------------------------------------------------------
DGK1          25 bel 25  1  1  1 25 300 300 300 300   0   0    0   0   0   0   0   0   0   0   0   0   0   0
DGK2          25 usa 25  1  1  1 25 300 300 300 300   0   0    0   0   0   0   0   0   0   0   0   0   0   0
DDF1          25 ger  1 25 15 10 25 300 300 300 300   0   0    0   0   0   0   0   0   0   0   0   0   0   0
DDF2          25 ger  1 25 15 10 25 300 300 300 300   0   0    0   0   0   0   0   0   0   0   0   0   0   0
DDF3          25 ger  1 25 15 10 25 300 300 300 300   0   0    0   0   0   0   0   0   0   0   0   0   0   0
DDF4          25 ger  1 25 15 10 25 300 300 300 300   0   0    0   0   0   0   0   0   0   0   0   0   0   0
DDF5          25 ger  1 25 15 10 25 300 300 300 300   0   0    0   0   0   0   0   0   0   0   0   0   0   0
DDF6          25 ger  1 25 15 10 25 300 300 300 300   0   0    0   0   0   0   0   0   0   0   0   0   0   0
DDM1          25 aut  1 15 25 10 25 300 300 300 390   0   0    0   0   0   0   0   0   0   0   0   0   0   0
DDM2          25 aut  1 15 25 10 25 300 300 300 390   0   0    0   0   0   0   0   0   0   0   0   0   0   0
DDM3          25 aut  1 15 25 10 25 300 300 300 390   0   0    0   0   0   0   0   0   0   0   0   0   0   0
DDM4          25 aut  1 15 25 10 25 300 300 300 390   0   0    0   0   0   0   0   0   0   0   0   0   0   0
DMF1          25 sui  1 13 25 13 25 300 300 300 300   0   0    0   0   0   0   0   0   0   0   0   0   0   0
DMF2          25 sui  1 13 25 13 25 300 300 300 300   0   0    0   0   0   0   0   0   0   0   0   0   0   0
DMF3          25 sui  1 13 25 13 25 300 300 300 300   0   0    0   0   0   0   0   0   0   0   0   0   0   0
DMF4          25 sui  1 13 25 13 25 300 300 300 300   0   0    0   0   0   0   0   0   0   0   0   0   0   0
DMF5          25 sui  1 13 25 13 25 300 300 300 300   0   0    0   0   0   0   0   0   0   0   0   0   0   0
DMF6          25 sui  1 13 25 13 25 300 300 300 300   0   0    0   0   0   0   0   0   0   0   0   0   0   0
DMF7          25 sui  1 13 25 13 25 300 300 300 300   0   0    0   0   0   0   0   0   0   0   0   0   0   0
DAM1          25 sui  1 10 25 15 25 300 300 300 300   0   0    0   0   0   0   0   0   0   0   0   0   0   0
DAM2          25 sui  1 10 25 15 25 300 300 300 300   0   0    0   0   0   0   0   0   0   0   0   0   0   0
DAM3          25 sui  1 10 25 15 25 300 300 300 300   0   0    0   0   0   0   0   0   0   0   0   0   0   0
DAM4          25 sui  1 10 25 15 25 300 300 300 300   0   0    0   0   0   0   0   0   0   0   0   0   0   0
DFW1          25 sui  1 10 15 25 25 300 300 300 300   0   0    0   0   0   0   0   0   0   0   0   0   0   0
DFW2          25 sui  1 10 15 25 25 300 300 300 300   0   0    0   0   0   0   0   0   0   0   0   0   0   0
DFW3          25 sui  1 10 15 25 25 300 300 300 300   0   0    0   0   0   0   0   0   0   0   0   0   0   0
DFW4          25 sui  1 10 15 25 25 300 300 300 300   0   0    0   0   0   0   0   0   0   0   0   0   0   0
DFW5          25 sui  1 10 15 25 25 300 300 300 300   0   0    0   0   0   0   0   0   0   0   0   0   0   0