Name         Age Nat St Tk Ps Sh Ag KAb TAb PAb SAb Gam Sub  Min Mom Sav Con Ktk Kps Sht Gls Ass  DP Inj Sus
------------------------------------------------------------------------------------------------------------
EGK1          25 bel 25  1  1  1 25 300 300 300 300   0   0    0   0   0   0   0   0   0   0   0   0   0   0
EGK2          25 usa 25  1  1  1 25 300 300 300 300   0   0    0   0   0   0   0   0   0   0   0   0   0   0
EDF1          25 ger  1 25 15 10 25 300 300 300 300   0   0    0   0   0   0   0   0   0   0   0   0   0   0
EDF2          25 ger  1 25 15 10 25 300 300 300 300   0   0    0   0   0   0   0   0   0   0   0   0   0   0
EDF3          25 ger  1 25 15 10 25 300 300 300 300   0   0    0   0   0   0   0   0   0   0   0   0   0   0
EDF4          25 ger  1 25 15 10 25 300 300 300 300   0   0    0   0   0   0   0   0   0   0   0   0   0   0
EDF5          25 ger  1 25 15 10 25 300 300 300 300   0   0    0   0   0   0   0   0   0   0   0   0   0   0
EDF6          25 ger  1 25 15 10 25 300 300 300 300   0   0    0   0   0   0   0   0   0   0   0   0   0   0
EDM1          25 aut  1 15 25 10 25 300 300 300 390   0   0    0   0   0   0   0   0   0   0   0   0   0   0
EDM2          25 aut  1 15 25 10 25 300 300 300 390   0   0    0   0   0   0   0   0   0   0   0   0   0   0
EDM3          25 aut  1 15 25 10 25 300 300 300 390   0   0    0   0   0   0   0   0   0   0   0   0   0   0
EDM4          25 aut  1 15 25 10 25 300 300 300 390   0   0    0   0   0   0   0   0   0   0   0   0   0   0
EMF1          25 sui  1 13 25 13 25 300 300 300 300   0   0    0   0   0   0   0   0   0   0   0   0   0   0
EMF2          25 sui  1 13 25 13 25 300 300 300 300   0   0    0   0   0   0   0   0   0   0   0   0   0   0
EMF3          25 sui  1 13 25 13 25 300 300 300 300   0   0    0   0   0   0   0   0   0   0   0   0   0   0
EMF4          25 sui  1 13 25 13 25 300 300 300 300   0   0    0   0   0   0   0   0   0   0   0   0   0   0
EMF5          25 sui  1 13 25 13 25 300 300 300 300   0   0    0   0   0   0   0   0   0   0   0   0   0   0
EMF6          25 sui  1 13 25 13 25 300 300 300 300   0   0    0   0   0   0   0   0   0   0   0   0   0   0
EMF7          25 sui  1 13 25 13 25 300 300 300 300   0   0    0   0   0   0   0   0   0   0   0   0   0   0
EAM1          25 sui  1 10 25 15 25 300 300 300 300   0   0    0   0   0   0   0   0   0   0   0   0   0   0
EAM2          25 sui  1 10 25 15 25 300 300 300 300   0   0    0   0   0   0   0   0   0   0   0   0   0   0
EAM3          25 sui  1 10 25 15 25 300 300 300 300   0   0    0   0   0   0   0   0   0   0   0   0   0   0
EAM4          25 sui  1 10 25 15 25 300 300 300 300   0   0    0   0   0   0   0   0   0   0   0   0   0   0
EFW1          25 sui  1 10 15 25 25 300 300 300 300   0   0    0   0   0   0   0   0   0   0   0   0   0   0
EFW2          25 sui  1 10 15 25 25 300 300 300 300   0   0    0   0   0   0   0   0   0   0   0   0   0   0
EFW3          25 sui  1 10 15 25 25 300 300 300 300   0   0    0   0   0   0   0   0   0   0   0   0   0   0
EFW4          25 sui  1 10 15 25 25 300 300 300 300   0   0    0   0   0   0   0   0   0   0   0   0   0   0
EFW5          25 sui  1 10 15 25 25 300 300 300 300   0   0    0   0   0   0   0   0   0   0   0   0   0   0