Name         Age Nat St Tk Ps Sh Ag KAb TAb PAb SAb Gam Sub  Min Mom Sav Con Ktk Kps Sht Gls Ass  DP Inj Sus
------------------------------------------------------------------------------------------------------------
FGK1           25 bel 27  1  1  1 25 300 300 300 300   0   0    0   0   0   0   0   0   0   0   0   0   0   0
FGK2           25 usa 27  1  1  1 25 300 300 300 300   0   0    0   0   0   0   0   0   0   0   0   0   0   0
FDF1           25 ger  1 25 15 10 25 300 300 300 300   0   0    0   0   0   0   0   0   0   0   0   0   0   0
FDF2           25 ger  1 25 15 10 25 300 300 300 300   0   0    0   0   0   0   0   0   0   0   0   0   0   0
FDF3           25 ger  1 25 15 10 25 300 300 300 300   0   0    0   0   0   0   0   0   0   0   0   0   0   0
FDF4           25 ger  1 25 15 10 25 300 300 300 300   0   0    0   0   0   0   0   0   0   0   0   0   0   0
FDF5           25 ger  1 25 15 10 25 300 300 300 300   0   0    0   0   0   0   0   0   0   0   0   0   0   0
FDF6           25 ger  1 25 15 10 25 300 300 300 300   0   0    0   0   0   0   0   0   0   0   0   0   0   0
FDM1           25 aut  1 15 25 10 25 300 300 300 390   0   0    0   0   0   0   0   0   0   0   0   0   0   0
FDM2           25 aut  1 15 25 10 25 300 300 300 390   0   0    0   0   0   0   0   0   0   0   0   0   0   0
FDM3           25 aut  1 15 25 10 25 300 300 300 390   0   0    0   0   0   0   0   0   0   0   0   0   0   0
FDM4           25 aut  1 15 25 10 25 300 300 300 390   0   0    0   0   0   0   0   0   0   0   0   0   0   0
FMF1           25 sui  1 13 25 13 25 300 300 300 300   0   0    0   0   0   0   0   0   0   0   0   0   0   0
FMF2           25 sui  1 13 25 13 25 300 300 300 300   0   0    0   0   0   0   0   0   0   0   0   0   0   0
FMF3           25 sui  1 13 25 13 25 300 300 300 300   0   0    0   0   0   0   0   0   0   0   0   0   0   0
FMF4           25 sui  1 13 25 13 25 300 300 300 300   0   0    0   0   0   0   0   0   0   0   0   0   0   0
FMF5           25 sui  1 13 25 13 25 300 300 300 300   0   0    0   0   0   0   0   0   0   0   0   0   0   0
FMF6           25 sui  1 13 25 13 25 300 300 300 300   0   0    0   0   0   0   0   0   0   0   0   0   0   0
FMF7           25 sui  1 13 25 13 25 300 300 300 300   0   0    0   0   0   0   0   0   0   0   0   0   0   0
FAM1           25 sui  1 10 25 15 25 300 300 300 300   0   0    0   0   0   0   0   0   0   0   0   0   0   0
FAM2           25 sui  1 10 25 15 25 300 300 300 300   0   0    0   0   0   0   0   0   0   0   0   0   0   0
FAM3           25 sui  1 10 25 15 25 300 300 300 300   0   0    0   0   0   0   0   0   0   0   0   0   0   0
FAM4           25 sui  1 10 25 15 25 300 300 300 300   0   0    0   0   0   0   0   0   0   0   0   0   0   0
FFW1           25 sui  1 10 15 25 25 300 300 300 300   0   0    0   0   0   0   0   0   0   0   0   0   0   0
FFW2           25 sui  1 10 15 25 25 300 300 300 300   0   0    0   0   0   0   0   0   0   0   0   0   0   0
FFW3           25 sui  1 10 15 25 25 300 300 300 300   0   0    0   0   0   0   0   0   0   0   0   0   0   0
FFW4           25 sui  1 10 15 25 25 300 300 300 300   0   0    0   0   0   0   0   0   0   0   0   0   0   0
FFW5           25 sui  1 10 15 25 25 300 300 300 300   0   0    0   0   0   0   0   0   0   0   0   0   0   0